[?25l[0m[38;2;237;122;156;48;2;246;238;240m▂[38;2;245;125;159;48;2;252;242;245m▃[38;2;248;238;239;48;2;245;125;161m▀[38;2;243;120;156;48;2;247;232;236m▅[38;2;239;109;148;48;2;245;227;233m▆[38;2;243;214;226;48;2;240;113;152m▔[38;2;242;115;160;48;2;235;89;140m▘[38;2;239;92;132;48;2;247;129;151m▔[38;2;240;119;140;48;2;245;126;147m▖[38;2;235;116;136;48;2;245;125;147m▕[38;2;235;64;105;48;2;248;134;153m▁[38;2;234;14;77;48;2;244;124;148m▁[38;2;238;64;106;48;2;241;122;144m▂[38;2;236;56;103;48;2;243;121;146m▂[38;2;236;78;116;48;2;241;120;144m▃[38;2;238;131;150;48;2;237;100;128m▅[38;2;240;165;173;48;2;241;100;134m▖[38;2;235;92;131;48;2;235;90;130m▎[38;2;236;90;131;48;2;235;88;130m▔[38;2;235;89;130m▀[38;2;235;88;131;48;2;235;89;129m▅[38;2;233;90;134;48;2;214;111;198m▊[38;2;207;122;223;48;2;208;121;228m▎[38;2;206;123;226;48;2;209;122;228m▕[38;2;209;104;182;48;2;206;121;225m▗[38;2;196;100;186;48;2;207;122;223m▏[38;2;209;122;229;48;2;207;122;227m▀[38;2;209;122;228;48;2;212;123;232m▆[38;2;212;123;230;48;2;210;121;227m▘[38;2;209;121;227;48;2;210;122;228m▂[38;2;208;121;228;48;2;209;123;228m▁[38;2;209;123;228;48;2;210;122;227m▊[38;2;210;121;227;48;2;208;121;226m▀[38;2;205;122;226;48;2;203;119;225m▔[38;2;203;119;224;48;2;208;123;228m▏[38;2;211;122;228;48;2;209;121;227m▝[38;2;210;122;228;48;2;209;122;227m▔[38;2;211;123;228;48;2;209;121;227m▔[38;2;210;121;227;48;2;208;123;227m▋[38;2;208;123;227;48;2;209;122;229m▊[0m
[38;2;243;117;154;48;2;253;136;170m▁[38;2;240;116;152;48;2;252;135;169m▂[38;2;244;121;157;48;2;233;99;139m▆[38;2;233;66;110;48;2;242;117;154m▁[38;2;250;2;75;48;2;243;117;155m▁[38;2;243;7;77;48;2;242;109;156m▂[38;2;236;28;91;48;2;236;101;150m▃[38;2;239;101;134;48;2;234;52;99m▀[38;2;237;89;124;48;2;237;39;96m▀[38;2;238;33;90;48;2;236;84;120m▅[38;2;234;40;96;48;2;236;96;127m▅[38;2;238;33;90;48;2;239;116;147m▆[38;2;246;12;75;48;2;233;111;138m▆[38;2;235;127;149;48;2;239;29;83m▔[38;2;247;149;167;48;2;243;15;69m▔[38;2;243;102;133;48;2;236;175;178m▖[38;2;237;143;156;48;2;248;235;220m▝[38;2;236;107;137;48;2;236;93;130m▖[38;2;235;86;127;48;2;233;86;130m▖[38;2;234;87;131;48;2;232;87;130m▀[38;2;235;87;128;48;2;233;86;130m▝[38;2;223;91;143;48;2;192;120;216m▋[38;2;169;121;227;48;2;204;121;227m▃[38;2;177;121;227;48;2;203;121;227m▂[38;2;204;117;220;48;2;215;98;163m▎[38;2;209;121;219;48;2;205;119;225m▘[38;2;205;119;226;48;2;208;121;228m▆▆[38;2;205;120;226;48;2;208;122;229m▅[38;2;205;119;226;48;2;208;121;228m▆[48;2;206;120;227m▁[38;2;204;119;226;48;2;208;121;228m▆[38;2;200;118;224;48;2;204;121;227m▁[38;2;200;118;223;48;2;202;119;225m▏[38;2;205;119;226;48;2;207;121;228m▆[38;2;204;119;226;48;2;208;121;228m▆[38;2;205;119;226;48;2;209;121;228m▆[48;2;209;120;228m▅[38;2;204;120;226;48;2;206;121;228m▆[38;2;204;120;227;48;2;205;121;227m▕[0m
[38;2;249;7;77;48;2;238;114;154m▆[38;2;235;115;153;48;2;247;19;85m▔[38;2;251;167;197;48;2;247;17;82m▁[38;2;252;182;207;48;2;250;8;78m▂[38;2;242;169;205;48;2;250;3;76m▃[38;2;248;7;81;48;2;204;92;181m▀[38;2;230;79;123;48;2;244;36;68m▖[38;2;232;38;89;48;2;182;19;44m▔[38;2;206;11;53;48;2;240;175;201m▀[38;2;244;179;203;48;2;210;6;54m▅[38;2;247;183;207;48;2;193;11;54m▅[38;2;241;169;201;48;2;173;14;55m▅[38;2;160;43;76;48;2;218;92;162m▀[38;2;162;45;96;48;2;233;149;161m▆[38;2;163;42;86;48;2;239;168;174m▅[38;2;107;23;49;48;2;225;134;148m▃[38;2;139;54;77;48;2;225;136;165m▂[38;2;194;104;173;48;2;227;99;141m▃[38;2;228;89;132;48;2;233;87;130m▏[38;2;234;85;130;48;2;232;87;130m▁[38;2;233;86;128;48;2;233;86;130m▐[38;2;166;121;218;48;2;221;91;138m▐[38;2;159;120;226;48;2;159;120;228m▕[38;2;174;115;202;48;2;161;121;226m▕[38;2;213;93;149;48;2;175;114;205m▋[38;2;194;121;227;48;2;162;120;227m▔[38;2;161;120;227;48;2;193;120;228m▅[38;2;201;120;226;48;2;163;120;228m▀[38;2;169;120;226;48;2;204;119;226m▃[38;2;175;120;226;48;2;203;120;226m▁[38;2;199;122;227;48;2;204;119;226m▁[38;2;203;119;225m▃[38;2;200;117;223;48;2;201;118;223m▁[38;2;204;119;226;48;2;205;119;226m▔[38;2;203;120;226;48;2;204;118;226m▀[48;2;205;119;226m▀[38;2;205;119;226;48;2;204;120;226m▃[38;2;204;120;226;48;2;205;119;226m▘ [38;2;198;117;220;48;2;201;119;224m▕[0m
[38;2;240;111;147;48;2;246;156;191m▔[38;2;232;123;164;48;2;245;155;189m▖[38;2;253;186;213;48;2;252;169;201m▐[38;2;233;150;181;48;2;248;181;206m▝[38;2;229;149;193;48;2;197;110;196m▋[38;2;192;100;195;48;2;195;99;192m▋[38;2;234;164;184;48;2;236;81;92m▖[38;2;209;54;60;48;2;240;172;197m▋[38;2;254;190;217;48;2;255;191;217m▏ [38;2;227;108;173;48;2;251;185;215m▗[38;2;230;125;181;48;2;185;40;74m▘[38;2;236;117;124;48;2;193;32;47m▗[38;2;238;105;110;48;2;206;36;42m▃[38;2;234;120;120;48;2;202;32;42m▖[38;2;205;26;48;48;2;173;86;112m▍[38;2;165;82;146;48;2;58;18;39m▆[38;2;153;88;154;48;2;80;33;61m▞[38;2;88;55;106;48;2;188;105;180m▖[38;2;196;102;171;48;2;231;86;131m▖[38;2;232;86;128;48;2;232;85;130m▐[38;2;166;120;213;48;2;222;89;137m▐[38;2;161;113;210;48;2;160;120;225m▖[38;2;183;95;170;48;2;163;120;223m▕[38;2;206;95;155;48;2;167;117;214m▍[38;2;158;119;226;48;2;159;120;226m▏[48;2;159;120;227m [38;2;160;120;227m▔[38;2;160;121;227m▐[38;2;164;120;226;48;2;161;120;226m▔[38;2;187;121;229m▔[38;2;160;119;223;48;2;192;119;224m▅[38;2;162;120;225;48;2;196;119;224m▃[38;2;172;120;225;48;2;201;119;224m▂[38;2;194;121;227;48;2;202;119;225m▁[38;2;203;119;226;48;2;202;118;225m▀[38;2;200;117;224;48;2;202;119;225m▂[38;2;201;118;222;48;2;203;119;225m▃[38;2;199;117;221;48;2;202;119;224m▁[38;2;199;116;221;48;2;200;118;223m▏[0m
[38;2;231;123;161;48;2;252;164;197m▁[38;2;240;148;182;48;2;252;164;196m▁[38;2;237;160;190;48;2;253;185;211m▗[38;2;216;111;154;48;2;250;184;210m▃[38;2;214;130;196;48;2;190;99;194m▎[38;2;207;92;174;48;2;192;96;191m▕[38;2;190;72;137;48;2;238;158;166m▏[38;2;243;110;100;48;2;242;165;170m▘[38;2;254;189;215;48;2;255;191;217m▏[38;2;238;154;198;48;2;254;190;217m▕[38;2;144;19;57;48;2;221;95;165m▕[38;2;234;107;104;48;2;215;17;21m▃[38;2;231;44;46;48;2;240;132;131m▍[38;2;241;79;97;48;2;248;177;197m▁[38;2;223;114;125;48;2;239;156;171m▕[38;2;236;158;132;48;2;215;55;56m▂[38;2;137;23;32;48;2;193;101;176m▍[38;2;197;106;186;48;2;202;104;192m▔[38;2;49;17;48;48;2;161;86;152m▐[38;2;94;46;73;48;2;150;103;188m▖[38;2;219;90;142;48;2;173;112;203m▀[38;2;216;90;140;48;2;174;113;200m▋[38;2;163;118;221;48;2;176;106;183m▐[38;2;161;112;209;48;2;159;119;225m▕[38;2;158;106;202;48;2;160;118;221m▏[38;2;159;120;226;48;2;158;119;225m▗[38;2;158;119;225;48;2;159;120;226m▘  ▐[38;2;156;116;222;48;2;158;119;224m▕[38;2;158;119;224;48;2;159;120;226m▏[38;2;159;118;226m▔[38;2;159;119;227m▔[38;2;181;120;224;48;2;160;119;225m▔[38;2;161;119;224;48;2;193;119;224m▅[38;2;165;119;224;48;2;198;118;223m▃[38;2;178;116;221;48;2;199;118;222m▁[48;2;198;116;220m [38;2;200;118;222;48;2;201;118;223m▅[0m
[38;2;248;166;199;48;2;227;111;152m▆[38;2;245;158;191;48;2;252;172;202m▏[38;2;238;162;193;48;2;254;190;214m▔[38;2;245;177;209;48;2;197;111;192m▋[38;2;191;97;193;48;2;188;94;191m▎[38;2;196;73;171;48;2;191;97;192m▁[38;2;203;115;177;48;2;250;186;185m▎[38;2;245;181;176;48;2;254;195;188m▔[38;2;245;188;195;48;2;255;191;210m▁[38;2;232;148;193;48;2;254;190;217m▕[38;2;222;117;175;48;2;217;84;163m▏[38;2;229;18;31;48;2;211;72;126m▝[38;2;219;31;41;48;2;233;88;89m▆[38;2;234;57;70;48;2;232;9;10m▔[38;2;231;98;108;48;2;222;30;36m▘[38;2;190;67;91;48;2;244;189;179m▆[38;2;200;104;187;48;2;229;201;223m▅[38;2;205;113;194;48;2;199;104;189m▏[38;2;100;36;62;48;2;179;79;126m▞[38;2;164;69;95;48;2;218;82;120m▔[38;2;223;87;131;48;2;179;109;189m▆[38;2;213;91;143;48;2;178;109;191m▃[38;2;179;107;190;48;2;203;95;154m▖[38;2;223;87;132;48;2;172;112;201m▖[38;2;173;105;186;48;2;159;119;219m▖[38;2;161;119;223;48;2;158;119;225m▖[38;2;157;118;224m▂[38;2;159;120;226;48;2;158;118;224m▀[38;2;158;118;224;48;2;159;119;226m▖[38;2;179;107;192;48;2;161;118;222m▁[38;2;177;106;188;48;2;160;116;218m▖[38;2;158;118;224;48;2;158;119;225m▎[38;2;159;120;226m▀▀[38;2;158;119;225;48;2;159;120;226m▅[38;2;159;120;226;48;2;158;119;225m▏[38;2;159;118;221m▂[38;2;165;116;219;48;2;158;119;222m▔[38;2;164;118;222;48;2;194;118;222m▆[38;2;166;118;223;48;2;197;118;221m▃[0m
[38;2;228;134;175;48;2;237;184;211m▖[38;2;246;196;218;48;2;249;184;208m▎[38;2;232;138;173;48;2;243;169;197m▝[38;2;220;108;164;48;2;198;102;186m▘[38;2;191;94;191;48;2;187;94;191m▏[38;2;190;90;186;48;2;211;58;154m▅[38;2;197;91;171;48;2;240;166;176m▎[38;2;255;197;185;48;2;255;196;187m▃[38;2;238;184;187;48;2;251;194;185m▔[38;2;219;98;126;48;2;245;184;198m▗[38;2;217;90;125;48;2;236;149;192m▁[38;2;226;123;181;48;2;217;79;163m▂[38;2;199;63;122;48;2;216;77;161m▔[38;2;190;8;21;48;2;216;74;155m▔[38;2;187;23;57;48;2;217;61;146m▔[38;2;203;100;182;48;2;201;101;189m▏[38;2;208;71;153;48;2;202;100;187m▁[38;2;164;62;93;48;2;210;88;150m▕[38;2;196;76;111;48;2;228;85;124m▏[38;2;229;85;126;48;2;229;84;125m▔[38;2;230;84;125m▔[38;2;228;84;123m▝[38;2;201;95;156;48;2;228;84;125m▔[38;2;228;85;123;48;2;203;80;122m▆[38;2;226;84;125;48;2;182;99;166m▆[38;2;170;112;205;48;2;227;84;125m▀[38;2;215;88;140;48;2;162;115;217m▃[38;2;190;95;161;48;2;160;117;221m▁[38;2;205;93;148;48;2;164;114;215m▃[38;2;165;113;202;48;2;197;96;161m▗[38;2;170;105;193;48;2;160;116;218m▖[38;2;160;118;219;48;2;158;118;222m▂[38;2;159;118;220;48;2;157;119;225m▅[38;2;160;118;220;48;2;158;118;225m▅[38;2;160;117;221;48;2;158;118;224m▃[38;2;173;105;191;48;2;159;117;219m▁[38;2;191;99;166;48;2;164;113;208m▃[38;2;159;117;215;48;2;159;118;219m▁[38;2;160;119;222;48;2;159;117;219m▔[38;2;160;118;219;48;2;161;117;222m▃[0m
[38;2;246;145;180;48;2;229;56;118m▐[38;2;253;171;196;48;2;253;189;210m▍[38;2;222;114;160;48;2;249;180;209m▗[38;2;195;85;177;48;2;188;97;188m▖[38;2;188;91;188;48;2;187;93;190m▕[38;2;218;41;138;48;2;192;85;180m▗[38;2;250;187;184;48;2;201;91;168m▐[38;2;255;197;185;48;2;255;195;184m▀[38;2;251;185;181;48;2;253;196;185m▕[38;2;236;131;145;48;2;234;68;107m▎[38;2;233;60;103;48;2;218;28;73m▆[38;2;228;142;175;48;2;224;34;79m▔[38;2;224;24;68;48;2;211;84;155m▆[38;2;224;34;82;48;2;216;77;159m▆[38;2;226;42;93;48;2;214;62;149m▆[38;2;226;82;121;48;2;198;91;162m▆[38;2;205;56;115;48;2;228;82;121m▔[38;2;229;82;123m▔[38;2;229;84;125;48;2;228;81;122m▔[38;2;228;81;122;48;2;229;83;125m▅[38;2;229;82;124;48;2;228;81;121m▀[38;2;228;83;124;48;2;228;82;122m▔[38;2;228;82;123;48;2;228;82;121m▔[38;2;228;83;124m▔[38;2;228;82;123m▔[38;2;228;81;122;48;2;229;83;124m▆[38;2;211;79;115;48;2;227;82;123m▂[38;2;214;84;122;48;2;220;83;122m▕[38;2;182;90;106;48;2;212;84;124m▂[38;2;197;84;131;48;2;160;48;53m▀[38;2;135;58;87;48;2;207;91;141m▅[38;2;182;89;154;48;2;174;89;158m▏[38;2;147;72;132;48;2;167;94;168m▗[38;2;94;37;69;48;2;173;104;183m▃[38;2;172;17;55;48;2;190;99;170m▂[38;2;220;63;100;48;2;210;89;141m▂[38;2;206;89;140;48;2;162;114;209m▋[38;2;158;117;214;48;2;156;116;217m▔[38;2;159;119;216;48;2;159;118;221m▔[38;2;157;116;217;48;2;159;117;220m▁[0m
[38;2;232;103;142;48;2;229;57;118m▕[38;2;232;134;155;48;2;247;193;177m▏[38;2;241;182;175;48;2;177;122;155m▊[38;2;184;95;186;48;2;168;128;173m▀[38;2;170;122;179;48;2;184;93;188m▂[38;2;200;65;160;48;2;185;91;188m▔[38;2;193;88;169;48;2;235;145;156m▊[38;2;254;191;185;48;2;253;197;183m▏[38;2;252;197;183;48;2;224;109;126m▊[38;2;230;67;102;48;2;233;63;104m▏[38;2;233;62;104;48;2;234;63;107m▅[48;2;234;63;106m▅[38;2;234;63;106;48;2;233;61;104m▀[38;2;209;28;75;48;2;234;61;105m▕[38;2;228;52;100;48;2;239;54;103m▐[38;2;232;80;121;48;2;227;81;120m▎[38;2;227;81;120;48;2;228;82;121m▅▅[38;2;228;81;120m▃[38;2;226;82;120m▁[38;2;228;81;121m▗[38;2;223;84;120;48;2;226;82;121m▗[38;2;225;155;160;48;2;227;82;120m▁[38;2;225;84;120;48;2;226;82;120m▂[38;2;226;81;120;48;2;228;82;121m▁[38;2;224;78;121;48;2;228;81;121m▕[38;2;154;59;87;48;2;208;81;128m▕[38;2;165;66;113;48;2;173;45;51m▁[38;2;196;46;60;48;2;238;192;193m▅[38;2;192;47;66;48;2;214;126;150m▞[38;2;213;153;204;48;2;167;68;104m▅[38;2;198;98;185;48;2;197;100;186m▁[38;2;198;51;102;48;2;196;93;174m▗[38;2;208;81;128;48;2;176;33;76m▃[38;2;211;47;91;48;2;166;106;192m▀[38;2;155;113;206;48;2;193;86;141m▆[38;2;157;113;204;48;2;156;114;212m▔[38;2;155;113;213;48;2;157;116;219m▂[38;2;157;103;175;48;2;157;115;216m▁[38;2;160;101;145;48;2;156;113;210m▁[0m
[38;2;231;74;136;48;2;245;103;171m▀[38;2;226;154;150;48;2;150;57;90m▐[38;2;235;161;159;48;2;186;99;133m▋[38;2;179;115;152;48;2;168;132;168m▏[38;2;168;132;168;48;2;179;104;146m▊[38;2;174;129;166;48;2;198;85;141m▂[38;2;185;102;158;48;2;214;71;117m▊[38;2;226;97;125;48;2;249;186;178m▎[38;2;253;196;183;48;2;214;89;109m▊[38;2;230;64;101;48;2;231;62;103m▏[48;2;232;61;105m [38;2;232;61;105;48;2;232;61;104m▆[38;2;232;61;104;48;2;232;61;105m▔[38;2;214;30;79;48;2;233;59;104m▕[38;2;235;53;104;48;2;232;54;103m▔[38;2;229;81;121;48;2;226;82;120m▎[38;2;227;81;120;48;2;224;82;120m▅[38;2;225;82;120;48;2;227;81;120m▂[38;2;224;82;120;48;2;226;81;120m▂[38;2;231;142;154;48;2;224;93;125m▕[38;2;248;231;205;48;2;224;94;125m▅[38;2;222;126;142;48;2;251;242;212m▔[38;2;242;210;198;48;2;254;247;216m▕[38;2;202;99;114;48;2;221;83;120m▏[38;2;225;82;120;48;2;227;81;120m▀[38;2;226;82;120;48;2;226;81;121m▏[38;2;222;64;107;48;2;215;84;139m▗[38;2;205;17;66;48;2;197;97;177m▃[38;2;210;30;77;48;2;191;95;177m▂[38;2;207;74;118;48;2;195;99;184m▃[38;2;193;97;178;48;2;217;82;122m▀[38;2;174;98;162;48;2;207;85;134m▁[38;2;205;85;134;48;2;158;113;205m▀[38;2;167;99;175;48;2;157;116;213m▔[38;2;155;117;217;48;2;157;117;216m▔[38;2;149;109;191;48;2;156;115;213m▁[38;2;152;85;84;48;2;156;109;190m▅[38;2;160;84;56;48;2;161;110;187m▆[38;2;182;143;165;48;2;168;92;60m▝[38;2;208;189;208;48;2;157;111;100m▘[0m
[38;2;236;83;147;48;2;124;11;46m▀[38;2;122;16;52;48;2;201;93;151m▃[38;2;183;127;147;48;2;208;153;166m▁[38;2;167;130;170;48;2;175;117;157m▀[38;2;168;131;170;48;2;176;117;159m▀[38;2;167;130;170;48;2;175;117;160m▀[38;2;200;79;120;48;2;174;122;161m▕[38;2;245;170;170;48;2;229;70;108m▝[38;2;222;97;117;48;2;246;182;175m▕[38;2;233;54;98;48;2;231;62;102m▅[38;2;235;52;100;48;2;232;61;104m▅[38;2;233;59;104;48;2;235;47;96m▀[38;2;233;59;103m▀[38;2;226;50;94;48;2;233;54;99m▕[38;2;233;55;104;48;2;232;54;103m▁[38;2;225;81;120;48;2;228;81;120m▐[38;2;225;82;120;48;2;227;81;120m▋[38;2;227;82;120;48;2;225;82;120m▆[38;2;227;81;120m▆[38;2;231;179;175;48;2;223;87;123m▝[38;2;244;213;196;48;2;252;246;215m▁[38;2;252;249;214;48;2;255;249;216m▂[38;2;209;128;134;48;2;252;243;215m▕[38;2;211;95;117;48;2;211;80;115m▏[38;2;227;81;121;48;2;224;82;120m▀[38;2;227;82;121;48;2;225;82;120m▂[38;2;226;82;122;48;2;227;81;121m▔[38;2;208;22;70;48;2;227;81;120m▔[38;2;225;69;106;48;2;226;82;120m▔[38;2;181;96;159;48;2;223;82;121m▂[38;2;159;111;200;48;2;207;86;131m▅[38;2;162;104;189;48;2;157;116;216m▔[38;2;156;117;218;48;2;157;117;216m▔[38;2;156;116;215m▘[38;2;159;113;201;48;2;155;115;213m▕[38;2;183;149;199;48;2;196;115;121m▀[38;2;197;157;141;48;2;167;85;43m▘[38;2;171;74;10;48;2;178;75;2m▔[38;2;170;74;9;48;2;175;75;4m▝[38;2;153;91;70;48;2;170;74;12m▝[0m
[38;2;134;8;35;48;2;106;3;34m▀[38;2;133;5;31;48;2;104;2;32m▀[38;2;176;91;133;48;2;132;20;51m▐[38;2;200;97;139;48;2;180;112;152m▝[38;2;168;99;137;48;2;176;119;157m▏[38;2;196;102;147;48;2;180;113;153m▝[38;2;191;90;134;48;2;180;113;156m▘[38;2;202;89;136;48;2;227;46;97m▏[38;2;230;54;99;48;2;235;128;146m▖[38;2;232;56;99;48;2;233;41;91m▃[38;2;235;43;94;48;2;233;56;101m▘[38;2;236;46;94;48;2;240;28;82m▃[38;2;242;28;84;48;2;236;40;92m▘[38;2;224;36;85;48;2;233;55;101m▕[38;2;219;19;65;48;2;227;53;99m▁[38;2;215;76;113;48;2;226;81;120m▂[38;2;227;81;121;48;2;225;82;120m▅[38;2;227;82;120;48;2;227;83;119m▁[38;2;225;82;120;48;2;227;82;120m▆[38;2;216;79;115;48;2;224;82;121m▕[38;2;229;167;167;48;2;216;82;117m▔[38;2;248;247;220;48;2;222;91;125m▔[38;2;238;189;185;48;2;219;86;121m▔[38;2;197;71;103;48;2;224;82;120m▏[38;2;227;82;121m▂[38;2;225;82;120;48;2;227;82;121m▆[38;2;226;83;121;48;2;226;82;120m▁[38;2;211;81;115;48;2;220;82;119m▁[38;2;166;111;201;48;2;202;85;129m▗[38;2;154;108;191;48;2;157;116;215m▔[38;2;156;117;214;48;2;157;117;217m▔[38;2;157;117;216;48;2;157;117;218m▂[38;2;156;116;214;48;2;157;117;216m▕[38;2;156;116;215;48;2;156;114;214m▔[38;2;187;102;126;48;2;169;108;191m▐[38;2;176;111;86;48;2;189;121;103m▕[38;2;137;62;28;48;2;177;76;4m▏[38;2;178;76;1;48;2;180;76;1m▖[38;2;180;77;1;48;2;179;76;1m▕[38;2;168;74;11;48;2;175;76;5m▕[0m
[38;2;111;2;37;48;2;172;21;84m▀[38;2;145;6;40;48;2;115;2;35m▖[38;2;145;27;63;48;2;103;2;36m▕[38;2;206;48;93;48;2;175;123;162m▅[38;2;176;126;166;48;2;205;75;120m▐[38;2;163;132;169;48;2;166;132;170m▕[38;2;200;99;142;48;2;172;120;161m▗[38;2;180;98;139;48;2;132;19;55m▍[38;2;230;53;99;48;2;167;10;48m▀[38;2;232;61;103;48;2;236;46;96m▔[38;2;236;53;100;48;2;239;23;83m▀[38;2;235;22;80;48;2;236;52;100m▖[38;2;237;33;88;48;2;237;50;100m▗[38;2;219;28;78;48;2;239;45;97m▕[38;2;231;99;129;48;2;229;56;102m▕[38;2;229;95;125;48;2;215;41;85m▏[38;2;211;11;59;48;2;212;68;105m▅[38;2;212;16;63;48;2;219;77;115m▃[38;2;220;68;110;48;2;222;80;118m▏[38;2;221;80;118;48;2;224;81;119m▏[38;2;225;83;120;48;2;224;83;120m▖[38;2;223;83;120;48;2;226;81;120m▁[38;2;223;83;119;48;2;227;81;120m▁[38;2;219;81;120m▁[38;2;141;50;80;48;2;221;81;120m▁[38;2;219;80;118;48;2;219;82;120m▏[38;2;217;81;117;48;2;220;81;119m▔[38;2;177;123;163;48;2;220;83;123m▗[38;2;168;126;182;48;2;156;121;210m▏[38;2;156;117;216;48;2;157;117;215m▖[48;2;157;117;216m  [38;2;158;114;214;48;2;154;113;213m▗[38;2;213;85;134;48;2;165;109;201m▗[38;2;153;62;93;48;2;223;83;121m▁[38;2;70;22;44;48;2;189;77;70m▂[38;2;43;9;25;48;2;170;74;10m▃[38;2;172;75;8;48;2;39;9;24m▀[38;2;166;73;6;48;2;26;0;22m▀[38;2;36;7;21;48;2;178;77;3m▅[0m
[38;2;154;36;110;48;2;185;14;85m▅[38;2;154;24;86;48;2;109;4;37m▋[38;2;157;3;38;48;2;100;1;33m▝[38;2;181;58;100;48;2;133;5;40m▝[38;2;170;93;133;48;2;170;127;165m▏[38;2;166;132;169;48;2;163;132;170m▋[38;2;165;132;169;48;2;167;131;169m▆[38;2;166;129;166;48;2;107;29;66m▋[38;2;113;6;38;48;2;95;1;37m▔[38;2;99;3;39;48;2;180;35;74m▆[38;2;114;11;45;48;2;220;53;97m▃[38;2;203;47;87;48;2;231;58;102m▁[38;2;232;48;97;48;2;233;60;104m▔[38;2;209;24;74;48;2;233;58;104m▕[38;2;226;51;99;48;2;235;53;103m▗[38;2;230;79;121;48;2;226;81;121m▏[38;2;199;81;120;48;2;226;81;119m▁[38;2;93;26;55;48;2;225;81;119m▁[38;2;81;20;53;48;2;224;82;121m▂[38;2;70;16;50;48;2;225;82;121m▃[38;2;224;82;120;48;2;60;11;49m▀[38;2;52;8;43;48;2;220;83;121m▅[38;2;46;4;38;48;2;206;81;119m▆[38;2;143;55;86;48;2;57;10;43m▔[38;2;125;45;76;48;2;222;83;119m▘[38;2;227;81;120;48;2;226;81;121m▃[38;2;213;87;127;48;2;225;81;122m▕[38;2;198;100;138;48;2;146;155;188m▘[38;2;142;151;203;48;2;139;162;199m▔[38;2;142;154;205;48;2;153;120;213m▖[38;2;157;117;217;48;2;156;117;216m▂[38;2;154;114;214;48;2;155;115;214m▕[38;2;103;70;139;48;2;151;112;208m▕[38;2;174;90;140;48;2;36;10;38m▔[38;2;44;8;31;48;2;24;0;24m▔[38;2;23;0;25;48;2;24;0;23m▘[38;2;24;0;22;48;2;25;0;26m▆[48;2;25;0;25m▆[38;2;24;0;24;48;2;24;1;21m▀[38;2;26;0;24;48;2;25;1;22m▝[0m
[38;2;155;35;107;48;2;176;15;92m▃[38;2;148;16;71;48;2;159;31;101m▕[38;2;145;8;54;48;2;108;3;38m▂[38;2;176;2;46;48;2;135;3;38m▞[38;2;178;112;151;48;2;122;23;59m▝[38;2;174;119;157;48;2;171;127;167m▀[38;2;168;129;169;48;2;173;121;158m▃[38;2;156;91;130;48;2;173;123;163m▕[38;2;133;52;87;48;2;102;4;37m▏[38;2;103;2;36;48;2;102;2;35m▕[38;2;129;3;45;48;2;107;2;36m▁[38;2;179;27;66;48;2;132;3;43m▔[38;2;158;8;39;48;2;226;62;102m▆[38;2;125;4;32;48;2;224;57;101m▅[38;2;109;5;38;48;2;217;52;95m▆[38;2;186;80;111;48;2;41;2;37m▔[38;2;74;13;47;48;2;38;0;35m▔[38;2;37;0;35;48;2;38;0;39m▅[38;2;94;3;45;48;2;40;0;38m▁[38;2;61;3;39;48;2;40;0;39m▁[38;2;38;0;37;48;2;38;1;35m▂[48;2;38;0;34m▃[38;2;39;0;40;48;2;37;0;37m▗[38;2;188;70;105;48;2;60;10;44m▐[38;2;224;82;120;48;2;227;81;120m▅[38;2;226;81;120;48;2;224;82;120m▔[38;2;214;88;126;48;2;158;141;173m▊[38;2;143;161;193;48;2;137;164;197m▏[38;2;136;165;197;48;2;138;164;197m▍[38;2;139;154;202;48;2;138;163;198m▔[38;2;142;153;203;48;2;153;119;213m▖[38;2;156;116;215;48;2;157;116;216m▔[38;2;148;111;202;48;2;49;22;59m▘[38;2;24;0;24;48;2;24;0;22m▃[48;2;24;1;21m▃▅[38;2;23;2;23m▁[38;2;37;11;41m▁[38;2;116;75;127;48;2;24;1;22m▁[38;2;150;95;162;48;2;25;1;24m▁[0m
[38;2;199;17;76;48;2;161;31;96m▅[38;2;158;32;96;48;2;209;12;68m▃[38;2;210;6;54;48;2;142;13;60m▘[38;2;136;1;35;48;2;106;3;35m▔[38;2;108;3;34;48;2;96;1;34m▃[38;2;171;123;164;48;2;121;36;71m▝[38;2;174;108;151;48;2;172;127;165m▔[38;2;174;118;156;48;2;168;128;164m▂[38;2;167;113;152;48;2;109;18;51m▍[38;2;131;3;45;48;2;104;2;37m▗[38;2;144;3;43;48;2;179;2;47m▘[38;2;160;3;50;48;2;134;2;47m▎[38;2;133;5;33;48;2;180;4;39m▆[38;2;145;5;33;48;2;112;3;30m▎[38;2;64;0;28;48;2;120;5;39m▕[38;2;43;2;32;48;2;39;0;38m▏[38;2;38;0;43;48;2;38;0;41m▁[38;2;43;0;37;48;2;38;0;40m▕[38;2;72;2;42;48;2;151;3;56m▎[38;2;139;3;52;48;2;56;1;40m▂[38;2;54;2;35;48;2;38;0;39m▁[38;2;38;0;40;48;2;38;0;37m▋[38;2;135;54;85;48;2;45;4;38m▕[38;2;176;66;99;48;2;223;81;120m▏[38;2;217;83;119;48;2;224;82;120m▁[38;2;91;31;59;48;2;218;81;119m▃[38;2;108;39;68;48;2;144;150;184m▍[38;2;137;164;198;48;2;136;164;196m▔[38;2;138;164;198;48;2;136;165;197m▁[38;2;136;165;196;48;2;137;164;198m▘[38;2;145;145;205;48;2;140;162;201m▕[38;2;148;119;203;48;2;95;60;120m▊[38;2;135;81;149;48;2;27;3;30m▃[38;2;33;6;33;48;2;152;92;170m▀[38;2;155;94;174;48;2;41;13;43m▅[38;2;156;94;176;48;2;51;21;54m▆[38;2;62;29;68;48;2;156;94;176m▔[38;2;143;92;154;48;2;157;94;176m▔[38;2;158;95;178;48;2;157;94;175m▝[38;2;158;93;178;48;2;158;94;176m▆[0m
[38;2;110;12;57;48;2;154;36;101m▁[38;2;141;32;92;48;2;150;36;100m▏[38;2;123;9;56;48;2;154;33;99m▕[38;2;112;2;38;48;2;99;1;34m▖[38;2;108;3;37;48;2;94;0;35m▔[38;2;115;7;40;48;2;95;0;35m▔[38;2;171;122;161;48;2;113;31;67m▝[38;2;166;118;155;48;2;169;128;167m▏[38;2;171;121;159;48;2;137;58;97m▊[38;2;111;13;51;48;2;135;2;44m▏[38;2;170;2;46;48;2;139;2;47m▋[38;2;122;2;42;48;2;110;4;34m▍[38;2;147;6;35;48;2;105;3;32m▂[38;2;150;6;40;48;2;104;3;33m▂[38;2;110;2;31;48;2;134;13;53m▊[38;2;66;1;33;48;2;39;0;36m▏[38;2;37;0;36;48;2;38;0;40m▆[38;2;38;0;39;48;2;38;0;35m▁[38;2;62;2;38;48;2;38;1;34m▔[38;2;40;0;35;48;2;128;3;50m▆[38;2;122;4;47;48;2;45;1;36m▀[38;2;108;4;46;48;2;49;1;37m▅[38;2;68;14;46;48;2;41;1;33m▕[38;2;39;9;33;48;2;202;77;112m▃[38;2;33;6;26;48;2;155;60;87m▆[38;2;25;0;22;48;2;24;0;20m▃[38;2;38;20;44;48;2;143;159;195m▍[38;2;139;165;201;48;2;138;164;198m▅[38;2;138;164;199;48;2;139;165;200m▋▝[38;2;143;161;201;48;2;139;164;200m▕[38;2;147;143;194;48;2;154;99;177m▎[38;2;157;93;177;48;2;157;93;178m▘[38;2;157;93;179;48;2;157;93;177m▁[38;2;159;93;180;48;2;157;93;178m▂[38;2;158;93;179;48;2;157;93;177m▏[38;2;159;93;179;48;2;157;93;178m▁[38;2;158;94;180m▖[38;2;159;96;174;48;2;158;94;175m▝[38;2;158;94;177;48;2;158;94;174m▔[0m
[38;2;172;107;178;48;2;110;10;45m▅[38;2;170;106;183;48;2;93;12;51m▂[38;2;68;26;68;48;2;84;3;39m▁[38;2;45;1;35;48;2;102;3;37m▃[38;2;39;0;37;48;2;99;2;37m▂[38;2;53;1;35;48;2;100;3;37m▂[38;2;41;2;34;48;2;98;2;38m▁[38;2;163;112;151;48;2;101;14;50m▝[38;2;147;65;104;48;2;173;118;156m▁[38;2;172;100;143;48;2;129;18;59m▍[38;2;99;2;38;48;2;137;3;42m▅[38;2;95;0;33;48;2;126;4;33m▅[38;2;96;0;34;48;2;119;3;31m▃[38;2;150;3;39;48;2;115;2;32m▕[38;2;164;6;34;48;2;111;3;36m▘[38;2;125;14;55;48;2;44;1;36m▏[38;2;38;0;42;48;2;38;0;41m▝[38;2;38;0;37;48;2;38;0;40m▝[38;2;38;0;39;48;2;38;1;35m▃[38;2;38;0;38;48;2;38;0;36m▃[48;2;37;0;35m▍[38;2;27;1;29;48;2;36;1;34m▃[38;2;32;0;34;48;2;25;0;26m▘[38;2;26;0;25;48;2;25;0;23m▊[38;2;65;33;64;48;2;25;1;22m▁[38;2;131;79;147;48;2;28;3;28m▃[38;2;74;60;91;48;2;143;145;191m▘[38;2;138;165;197;48;2;139;165;200m▅[38;2;139;166;198;48;2;139;165;199m▁[38;2;137;165;198;48;2;138;164;199m▘[38;2;140;160;200;48;2;146;118;180m▊[38;2;155;99;173;48;2;159;95;177m▏[38;2;158;94;180;48;2;159;95;179m▅[38;2;157;93;179;48;2;159;95;181m▂[38;2;157;93;178;48;2;159;94;180m▁[38;2;158;94;178;48;2;157;93;178m▁[38;2;158;94;177;48;2;159;94;178m▁[38;2;156;92;175;48;2;156;93;175m▏[38;2;154;92;173;48;2;155;93;174m▏[38;2;161;95;177;48;2;155;93;173m▁[0m
[?25h